chr1	1	8013529	1	W	scaf_21	1	8013529	-
chr1	8013529	8014529	2	N	1000	scaffold	na	na	na
chr1	8014529	end+start	3	W	scaf_8	1	42627349
chr1	end+start	end+start+1000	4	N	1000	scaffold	na	na	na
chr1	aaa+end	end+start	5	W	scaf_1	1	52264339	+



chr1	1	5000	1	W	contig1	1	5000	+
chrom1	5001	6000	2	N	1000	scaffold	na	na	na
chrom1	6001	11000	3	W	contig2	1	5000	-
chrom1	11001	12000	4	N	1000	scaffold	na	na	na
chrom1	12001	17000	5	W	contig3	1	5000	+


Chr01	scaf_1	+	1462
Chr01	scaf_1	-	95
Chr01	scaf_8	+	924
Chr01	scaf_8	-	13
Chr01	scaf_21	-	347
Chr02	scaf_4	+	1399
Chr02	scaf_4	-	56
Chr02	scaf_7	+	440
Chr03	scaf_5	+	93
Chr03	scaf_5	-	1492
Chr03	scaf_16	+	35
Chr03	scaf_16	-	701
Chr04	scaf_2	+	11
Chr04	scaf_2	-	680
Chr04	scaf_19	+	980
Chr04	scaf_19	-	105
Chr05	scaf_18	+	36
Chr05	scaf_18	-	14
Chr05	scaf_6	-	177
Chr05	scaf_9	-	241
Chr06	scaf_3	+	1235
Chr06	scaf_3	-	16
Chr06	scaf_20	+	11
Chr06	scaf_20	-	75
Chr07	scaf_14	+	182
Chr07	scaf_14	-	396
Chr07	scaf_11	+	330
Chr08	scaf_15	+	333
Chr08	scaf_18	+	183
Chr09	scaf_10	+	802
Chr09	scaf_10	-	76
Chr09	scaf_17	+	41
Chr09	scaf_17	-	303
Chr10	scaf_13	+	555
Chr10	scaf_13	-	33
Chr10	scaf_12	+	573
Chr10	scaf_12	-	18



scaf_1	52264339	8	80	81
scaf_2	51663996	52917660	80	81
scaf_3	49700854	105227464	80	81
scaf_4	48709855	155549587	80	81
scaf_5	47908162	204868324	80	81
scaf_6	44025338	253375347	80	81
scaf_7	43675957	297951010	80	81
scaf_8	42627349	342172925	80	81
scaf_9	39625605	385333124	80	81
scaf_10	38286705	425454059	80	81
scaf_11	38230410	464219357	80	81
scaf_12	34451704	502927657	80	81
scaf_13	34074382	537810017	80	81
scaf_14	33457186	572310338	80	81
scaf_15	31973436	606185748	80	81
scaf_16	31509299	638558861	80	81
scaf_17	29894046	670462036	80	81
scaf_18	27066536	700729767	80	81
scaf_19	26662570	728134644	80	81
scaf_20	20645366	755130506	80	81
scaf_21	8013529	776033949	80	81
scaf_22	4146868	784147657	80	81
scaf_23	2870703	788346370	80	81
scaf_24	2060503	791252966	80	81
scaf_25	1365309	793339235	80	81
scaf_26	991062	794721620	80	81
scaf_27	756287	795725080	80	81
scaf_28	747266	796490830	80	81
scaf_29	733716	797247446	80	81
scaf_30	704347	797990343	80	81
scaf_31	572650	798703504	80	81
scaf_32	505470	799283322	80	81
scaf_33	491315	799795120	80	81
scaf_34	483276	800292586	80	81
alt-scaf_35	460468	800781916	80	81
scaf_36	424326	801248149	80	81
scaf_37	402755	801677789	80	81
scaf_38	402674	802085588	80	81
scaf_39	336955	802493305	80	81
scaf_40	324511	802834481	80	81
scaf_41	293683	803163058	80	81
scaf_42	280211	803460422	80	81
scaf_43	260302	803744145	80	81
scaf_44	248881	804007710	80	81
scaf_45	244080	804259712	80	81
scaf_46	210245	804506852	80	81
scaf_47	207210	804719735	80	81
scaf_48	184661	804929545	80	81
scaf_49	178640	805116524	80	81
scaf_50	170232	805297406	80	81
scaf_51	167318	805469775	80	81
scaf_52	166725	805639194	80	81
scaf_53	164444	805808013	80	81
scaf_54	153169	805974522	80	81
scaf_55	151316	806129615	80	81
scaf_56	150401	806282832	80	81
alt-scaf_57	148250	806435127	80	81
scaf_58	147766	806585240	80	81
scaf_59	147750	806734863	80	81
scaf_60	144005	806884469	80	81
scaf_61	140685	807030284	80	81
scaf_62	139942	807172737	80	81
scaf_63	138857	807314438	80	81
scaf_64	135925	807455040	80	81
scaf_65	134607	807592674	80	81
scaf_66	131694	807728973	80	81
scaf_67	130514	807862323	80	81
scaf_68	129624	807994478	80	81
scaf_69	129251	808125732	80	81
scaf_70	128754	808256608	80	81
scaf_71	126696	808386981	80	81
scaf_72	125771	808515270	80	81
scaf_73	124470	808642623	80	81
scaf_74	124088	808768658	80	81
scaf_75	120366	808894307	80	81
scaf_76	118989	809016187	80	81
scaf_77	116974	809136673	80	81
scaf_78	116954	809255119	80	81
scaf_79	116953	809373544	80	81
scaf_80	114035	809491968	80	81
alt-scaf_81	113252	809607442	80	81
scaf_82	112351	809722119	80	81
scaf_83	111020	809835884	80	81
scaf_84	107741	809948301	80	81
scaf_85	106903	810057398	80	81
scaf_86	104134	810165647	80	81
scaf_87	101762	810271092	80	81
alt-scaf_88	100996	810374140	80	81
alt-scaf_89	100176	810476412	80	81
scaf_90	99740	810577850	80	81
alt-scaf_91	98755	810678850	80	81
scaf_92	98475	810778849	80	81
scaf_93	98325	810878564	80	81
scaf_94	96987	810978128	80	81
alt-scaf_95	96796	811076341	80	81
scaf_96	96488	811174356	80	81
scaf_97	96246	811272060	80	81
scaf_98	95845	811369519	80	81
scaf_99	94349	811466572	80	81
scaf_100	93005	811562111	80	81
scaf_101	92877	811656289	80	81
scaf_102	91927	811750337	80	81
alt-scaf_103	91465	811843428	80	81
scaf_104	91363	811936047	80	81
scaf_105	90703	812028563	80	81
scaf_106	89117	812120410	80	81
alt-scaf_107	86565	812210655	80	81
alt-scaf_108	86262	812298317	80	81
scaf_109	84960	812385668	80	81
scaf_110	84928	812471700	80	81
scaf_111	84736	812557700	80	81
scaf_112	84340	812643506	80	81
alt-scaf_113	83620	812728915	80	81
scaf_114	82390	812813591	80	81
scaf_115	82220	812897021	80	81
scaf_116	81771	812980279	80	81
scaf_117	80884	813063083	80	81
scaf_118	80733	813144989	80	81
scaf_119	80263	813226742	80	81
scaf_120	79674	813308019	80	81
scaf_121	79084	813388699	80	81
scaf_122	78598	813468782	80	81
scaf_123	78400	813548373	80	81
scaf_124	76804	813627763	80	81
scaf_125	75496	813705538	80	81
alt-scaf_126	75472	813781992	80	81
alt-scaf_127	74890	813858422	80	81
scaf_128	74625	813934259	80	81
scaf_129	74569	814009827	80	81
scaf_130	74500	814085339	80	81
scaf_131	74451	814160781	80	81
scaf_132	74273	814236173	80	81
scaf_133	73705	814311385	80	81
scaf_134	73691	814386022	80	81
scaf_135	72908	814460645	80	81
scaf_136	72774	814534475	80	81
alt-scaf_137	72505	814608173	80	81
alt-scaf_138	72443	814681599	80	81
scaf_139	70767	814754958	80	81
scaf_140	70704	814826620	80	81
alt-scaf_141	70008	814898222	80	81
scaf_142	69164	814969116	80	81
alt-scaf_143	69057	815039159	80	81
scaf_144	69031	815109090	80	81
alt-scaf_145	68718	815178998	80	81
scaf_146	68411	815248585	80	81
alt-scaf_147	68100	815317866	80	81
scaf_148	67704	815386828	80	81
scaf_149	67119	815455389	80	81
scaf_150	66651	815523357	80	81
alt-scaf_151	66646	815590856	80	81
scaf_152	66346	815658346	80	81
scaf_153	66035	815725532	80	81
scaf_154	65710	815792403	80	81
alt-scaf_155	65658	815858949	80	81
scaf_156	65654	815925438	80	81
scaf_157	65271	815991923	80	81
alt-scaf_158	65252	816058024	80	81
scaf_159	65208	816124102	80	81
scaf_160	64719	816190136	80	81
alt-scaf_161	64510	816255678	80	81
scaf_162	64223	816321005	80	81
alt-scaf_163	63884	816386045	80	81
alt-scaf_164	63862	816450742	80	81
scaf_165	63508	816515413	80	81
alt-scaf_166	63346	816579729	80	81
alt-scaf_167	62789	816643881	80	81
scaf_168	62631	816707465	80	81
scaf_169	61856	816770889	80	81
scaf_170	61736	816833529	80	81
scaf_171	61696	816896047	80	81
scaf_172	61581	816958525	80	81
scaf_173	61511	817020886	80	81
scaf_174	61297	817083176	80	81
scaf_175	60814	817145250	80	81
scaf_176	60647	817206835	80	81
alt-scaf_177	60445	817268255	80	81
scaf_178	60321	817329466	80	81
scaf_179	59649	817390552	80	81
scaf_180	59455	817450957	80	81
scaf_181	59360	817511166	80	81
alt-scaf_182	58879	817571282	80	81
alt-scaf_183	58833	817630911	80	81
scaf_184	58764	817690490	80	81
scaf_185	58713	817749999	80	81
alt-scaf_186	58486	817809460	80	81
scaf_187	57546	817868688	80	81
scaf_188	57421	817926964	80	81
scaf_189	57209	817985113	80	81
alt-scaf_190	56562	818043052	80	81
scaf_191	56294	818100332	80	81
scaf_192	55957	818157340	80	81
scaf_193	55782	818214007	80	81
alt-scaf_194	55518	818270501	80	81
alt-scaf_195	55372	818326727	80	81
alt-scaf_196	55214	818382806	80	81
scaf_197	55175	818438721	80	81
scaf_198	55036	818494596	80	81
scaf_199	54809	818550330	80	81
scaf_200	54689	818605835	80	81
scaf_201	54602	818661218	80	81
scaf_202	54521	818716513	80	81
scaf_203	54405	818771726	80	81
alt-scaf_204	54259	818826826	80	81
scaf_205	54166	818881774	80	81
alt-scaf_206	54008	818936632	80	81
alt-scaf_207	53901	818991330	80	81
scaf_208	53504	819045915	80	81
scaf_209	53286	819100098	80	81
alt-scaf_210	52956	819154065	80	81
scaf_211	52863	819207693	80	81
scaf_212	51972	819261227	80	81
alt-scaf_213	51366	819313863	80	81
alt-scaf_214	51287	819365886	80	81
alt-scaf_215	51205	819417829	80	81
alt-scaf_216	51106	819469689	80	81
alt-scaf_217	50977	819521448	80	81
scaf_218	50882	819573073	80	81
alt-scaf_219	50656	819624606	80	81
scaf_220	50611	819675906	80	81
scaf_221	50491	819727160	80	81
alt-scaf_222	50424	819778297	80	81
alt-scaf_223	50272	819829366	80	81
scaf_224	50217	819880277	80	81
alt-scaf_225	50112	819931136	80	81
scaf_226	49642	819981885	80	81
alt-scaf_227	49618	820032162	80	81
alt-scaf_228	49418	820082415	80	81
alt-scaf_229	49342	820132465	80	81
alt-scaf_230	48693	820182438	80	81
alt-scaf_231	48313	820231754	80	81
scaf_232	48125	820280681	80	81
scaf_233	48089	820329418	80	81
alt-scaf_234	47953	820378123	80	81
alt-scaf_235	47622	820426690	80	81
alt-scaf_236	47350	820474922	80	81
scaf_237	47162	820522874	80	81
scaf_238	46892	820570636	80	81
scaf_239	46786	820618125	80	81
scaf_240	46676	820665506	80	81
alt-scaf_241	46383	820712780	80	81
alt-scaf_242	45909	820759757	80	81
alt-scaf_243	45449	820806254	80	81
alt-scaf_244	45338	820852286	80	81
scaf_245	44855	820898201	80	81
scaf_246	44696	820943627	80	81
alt-scaf_247	43823	820988896	80	81
scaf_248	43499	821033277	80	81
scaf_249	43498	821077330	80	81
scaf_250	43425	821121382	80	81
scaf_251	42931	821165360	80	81
scaf_252	42903	821208838	80	81
scaf_253	42708	821252288	80	81
alt-scaf_254	42428	821295544	80	81
scaf_255	41479	821338513	80	81
alt-scaf_256	41326	821380525	80	81
alt-scaf_257	41125	821422382	80	81
scaf_258	40353	821464032	80	81
alt-scaf_259	39893	821504904	80	81
scaf_260	39872	821545306	80	81
scaf_261	39794	821585687	80	81
scaf_262	39681	821625989	80	81
alt-scaf_263	39569	821666181	80	81
alt-scaf_264	39285	821706259	80	81
scaf_265	38900	821746046	80	81
scaf_266	37886	821785443	80	81
scaf_267	36668	821823813	80	81
scaf_268	36563	821860950	80	81
alt-scaf_269	36342	821897985	80	81
scaf_270	36133	821934792	80	81
alt-scaf_271	36071	821971391	80	81
alt-scaf_272	35757	822007927	80	81
scaf_273	34703	822044141	80	81
scaf_274	34578	822079288	80	81
alt-scaf_275	34210	822114313	80	81
scaf_276	34180	822148961	80	81
alt-scaf_277	33734	822183583	80	81
alt-scaf_278	32895	822217753	80	81
scaf_279	32477	822251070	80	81
alt-scaf_280	32354	822283967	80	81
scaf_281	32327	822316736	80	81
alt-scaf_282	32320	822349482	80	81
scaf_283	32300	822382216	80	81
scaf_284	32115	822414930	80	81
scaf_285	31296	822447457	80	81
scaf_286	30464	822479155	80	81
alt-scaf_287	30410	822510014	80	81
alt-scaf_288	30392	822540819	80	81
alt-scaf_289	29889	822571605	80	81
scaf_290	29112	822601878	80	81
scaf_291	28811	822631364	80	81
scaf_292	28705	822660546	80	81
scaf_293	28615	822689620	80	81
scaf_294	28587	822718603	80	81
scaf_295	28081	822747558	80	81
scaf_296	27720	822776001	80	81
scaf_297	27701	822804078	80	81
scaf_298	27627	822832136	80	81
alt-scaf_299	26908	822860123	80	81
alt-scaf_300	26802	822887382	80	81
scaf_301	26481	822914530	80	81
scaf_302	23630	822941353	80	81
scaf_303	22605	822965289	80	81
scaf_304	22268	822988187	80	81
scaf_305	20791	823010744	80	81
scaf_306	19362	823031805	80	81
scaf_307	14736	823051420	80	81
scaf_308	14711	823066351	80	81
scaf_309	13072	823081256	80	81
